-89042311
-68564609
-59265770
-25749582
-55800355
-84093663
-52083991
-38575117
-55020174
56566740
21413228
74255044
-52587624
-58210224
19606809
-85231367
-89989540
-88702881
-57719340
-30886433
-37480871
-19175170
95668240
-7978663
6774192
-42252273
47259029
91811724
-36560514
69209668
-38401796
-26850454
-68552146
-74405586
-76484787
74734492
99636471
16994082
39650673
333593
91029838
-57824460
98498054
87594934
-37462900
-87771315
79224361
50952034
71155766
89964699
52752803
26816959
-18910861
-37001768
-61988576
-31401104
-71218429
5855417
74714445
-18052520
27635704
79190114
37832704
-40490815
81741133
68375882
61412224
50130344
84413916
-52005206
37797530
-16094986
52021794
-60182254
-31944325
-12366408
41228357
88905981
52293157
9458197
-39232427
2573048
-88735206
-96206937
48916741
-15548530
92510392
2409486
-30874122
-33271708
-44737029
-12101847
83370850
-69976706
3110769
-99432784
-89916166
-41977868
33697390
1320944
97119633
-43190916
65443264
-82525187
69892232
-44874800
-5968939
-69732225
48638631
-95301758
65583793
-88598101
-95076076
35505606
-88613518
-49658112
10558028
-13668784
-57485836
-91631607
-8363920
-17474815
12395947
-97924196
78901136
-90518938
53793885
57585181
90203498
-65363737
-88339886
89403506
88610158
87578604
-14587385
-14038052
40090765
-29057809
-38271317
-46043458
-73812851
34376835
-22111034
-40132711
58700465
78064556
6403996
48782234
73753449
82860622
-28545508
-74040743
-9368844
60334614
-74408509
87446061
-29146993
97712870
54008774
-27038642
-95884348
49198279
-70916765
5547224
-22781529
91339736
-23034462
-22883190
24053501
42131964
21548526
-61847716
92341086
39619165
-9879823
73367114
-68169243
-61596271
-26100181
-66647946
74606287
-7262350
-72915186
-8670172
13682673
-42100604
-36392146
13269689
60559276
97338367
-60709200
58129491
-6424120
28789459
-27100740
80579216
-56231549
70044554
-95060920
-41147835
-12206023
-4625087
91323734
79380210
-51903409
98201070
-87461522
-16171794
60943300
65626591
574715
-24571392
2377189
9514634
-50802769
56976680
-88763691
27060849
36367589
157370
60108
-2942607
42828371
-47127217
92728030
-74009660
-73614172
-31487235
15836092
34188105
-14205138
63984882
30086635
-66513930
-26613496
-87790707
81045824
40732434
-17897695
-52166985
66810164
7352753
-81990286
66842826
-96513270
29212064
33160499
-6836418
61344703
-70387327
62154668
-4403457
-41971167
75216413
-86919714
38856385
-48873190
21612228
-41367324
52542946
22440424
-33422297
10165426
6942290
-784506
-91133719
8359926
24928524
-25085818
-81897517
-49855732
96989700
-64520975
-39495792
15605560
-30477088
94921899
75722844
67356631
38428294
82451897
40952707
87434258
7365073
-52438724
28118787
-19688066
-24771535
17104528
97157314
-3136934
33790378
-38677063
-91852614
-25861814
71952790
22966195
80806501
-21841478
68515624
-80724922
-7755891
-46014788
-35078460
-36325809
-27382746
-17949273
-94469481
28763438
-8795128
-22190881
76536459
19233489
-38431932
76646816
1748086
-17119344
6959605
2020712
-53067233
-91472742
54736457
79169781
-62730407
-28061996
-79060264
-47275371
-66107005
77643967
94788792
96639839
48574588
-39745820
-89066329
-11676038
61949131
-37176142
-63084304
-60699188
46500607
48936980
80292202
-18296055
85259744
-22734320
-33890146
-59967583
37706062
-99901498
-97485288
39352851
-59541053
68174024
-22366273
24142532
-17884778
-31593196
-77618230
68040163
-46112177
16351287
-57361004
-92019682
-19896086
-40257298
53933461
-12998757
-84209378
-17427299
-43962508
74443187
30882400
85537180
-9716407
-31288301
-95064272
-31839243
75126448
-38849277
-35532382
24894053
9341250
-60353519
-97830214
60256378
-10760194
99595197
-94494539
80479900
50084721
-68647969
22771860
21160244
35526970
-36018077
1540220
59681962
39457342
-41713364
20538339
61476135
-4959650
20434680
-27868283
88035266
-50091462
-26278265
24458202
44257818
27169809
13991113
-74077867
20052862
-76361397
81666311
52301943
-5799291
-23423990
-93165909
-14487920
-61012991
-26415466
21921378
-62865987
-66469913
46658079
-49208439
-44463681
-64149411
46458149
-53808206
-87690187
37928864
-44496597
-75250926
80901377
-47751599
-88768745
25463317
-45380997
65621964
-99648481
-71578273
18127979
-5970614
-88130897
-23249551
-43807877
4372854
-93677202
-36735307
-76609057
-46946713
53138481
2425806
40484172
-17631941
-73601114
-59807416
26881366
36919723
2952360
-75127862
6006481
92167393
64280619
97215392
39337487
66517755
50870902
-58674054
3876775
16880701
46689461
-56933139
55796074
-82827417
43291973
-62281099
92321005
-19451511
-3290459
-40070037
-40277559
51857921
-74940911
93764455
67125017
13719178
14908198
35974630
6677834
10147033
67562211
3367524
-80404613
3544037
22703690
-35384524
-47749641
-24210157
4982501
-77009696
53247603
-76397467
-66084508
-22857565
-91817707
4144447
-76257706
-57381349
37812583
80374592
67387454
66860351
-36774092
34137139
-87942674
-26755176
61631644
-63751471
-38082417
57032317
-18531270
-27052685
63408775
-957183
-53394372
35203498
-37013915
49861846
-70357422
-13582093
-96322870
-91059446
28976549
78335290
-14771024
-7781239
-66228593
-72933871
-44922007
40108193
79541589
-96061792
-88996980
85158904
-22205753
-26961033
-91951896
64245945
66988416
76255928
-31118790
92761388
89782565
-42882657
-68247593
55652531
31345446
-96434518
-86758513
-35359228
36049956
-62505008
13408068
63485064
69735875
-29065544
43570584
-99857669
-86946300
-3280874
-7321620
34120348
89331631
28216246
-43477973
-48214680
-61946254
91082226
-40010927
6554375
8864607
97450721
6192211
24139822
-89505726
58020618
-27596402
-91695998
57111018
50366317
-24080364
-54815493
-87749801
41808426
59207776
-81964456
-71991763
-69094145
-34012963
12628026
63903086
31183653
-55688378
-67724790
40300958
-84309293
-11070470
-70729524
-24923108
-97723013
-73600820
81906452
-84873999
56657616
-12000161
-65921110
90239265
35924694
-40547596
76044973
47285425
30569062
-87525058
51656548
-79558570
70382465
-75235203
-31726947
26107930
-67721002
78185426
-99246194
-30075671
-56728361
40817088
-15283519
55861966
-72682718
13530394
-52956995
17182705
18199563
37481612
34477079
-27598754
-83640234
-181160
25920246
27701852
27812202
62380777
-86045909
87542786
59879945
-62966028
-6857852
-28183382
-96456839
-96115252
58857300
71139299
63594454
-13266431
49458227
44934369
61974370
34656323
-66236049
-7992860
67260688
-23415828
-95545458
89717178
42800554
1018698
-88600028
44507559
-82858249
44536037
-42337095
33422175
90030257
-44978121
33487438
75498510
-5148392
-5521371
-91292210
-63352739
-99459177
-74025735
61279964
99397046
-3460654
-2616774
75953474
54322020
32481505
-25305565
30308711
-39872057
-51733920
75369014
-82004568
11833018
-22201460
-26925267
78958714
24101619
2886022
8350692
91130691
71896861
51759290
1807007
-16005153
39182856
73986768
-97378868
1241286
32705998
-94568079
22643281
80926038
-51852867
28436026
28459524
-13609990
50855257
-83874260
69953695
-62421430
89325333
-68590562
-89075108
50858841
-49903129
-85755471
-13992496
-65083473
20404642
-70400646
-28201845
-46763389
-67274902
-43078611
19351531
92375329
-78110335
-81774997
-87799853
-66307361
14058933
-49809237
48664334
-38903067
-79145626
-56973901
87003017
-5342126
-88281525
77043211
65613180
-13972167
13998190
-56768834
-55672026
-97862468
26388347
-80890491
44270305
-53603111
40546331
-28461512
-73907604
52596699
-57853151
6993328
-76229047
-97627464
-77069395
37560486
58812939
-3054454
7448882
87608960
-47012059
-61715166
10260317
26351388
-94361153
-93520942
-93364314
-15573924
32677386
66280693
92956851
-30186855
24158422
-60743847
80178557
-87798747
94319424
67051099
1631069
84656599
-75513183
-5827441
32122353
5134168
93434298
98912625
52071412
-70584217
76967499
38208287
-5122873
40577605
-626167
-45362969
20670082
-4435184
-27189094
-12578103
53400682
83387123
-3732546
53025190
44143923
91319230
88186834
37213616
6513973
30575032
-16105998
56475830
280156
-63333565
33912982
-49923624
-89013486
19838745
-31898267
-88170258
73443323
36644871
94201176
-70745344
92342158
20550062
63722602
78056675
-41642023
-84900370
95623344
-10479023
84152029
11956308
-17408901
-72286497
-80991380
70272867
17982937
51820559
24258101
87176641
-42360929
97465304
-20766119
-65628618
38951300
18993878
24010596
38911643
-76199170
66155448
24262387
-94360326
46790680
-1468092
-44890229
-53018736
65847269
-90418831
-98725438
-5236355
34980687
16581208
-69222638
15981688
-1595880
-51235210
-35587056
-22344080
-34400112
-46753072
-77137381
-83782997
-9726247
-56418483
48854821
2940829
29355477
-54259303
-65532955
81910789
-81804015
73484688
75225555
94148566
24255457
53680537
-37280193
-25788414
45975299
-38952758
-94456042
-51267421
24731807
30389646
36033938
62723454
21975933
86356687
-78565688
83350776
-51557128
70290958
-94932199
-86392584
-58026497
4959052
-74207908
54635976
89872601
99351390
-92099762
43903162
63057500
-71037215
-23659096
42200456
-3422089
90085399
71209597
72624587
-71730349
19679564
42653465
-46157583
87414232
73434697
-26858585
-12228152
81074325
-89277798
-15823672
99690771
50862373
-10137612
-99352199
28969279
92454879
-31565226
24908770
94304174
-62333089
-25459770
77388716
9976969
96734779
54054670
-93544621
-94547329
97436324
-19524452
11921142
96438047
62463469
-58408220
2045966
76333301
-81629665
-25979478
-31842740
11430793
-29512398
64538334
94169879
-32991775
-4150445
-28662457
-29100893
22088915
33929387
-33238812
-12355523
-29126715
61122037
55719440
42106375
99376147
89879977
-61953788
-25264310
71251390
-89212247
91518504
64619751
51903532
20766439
58290798
-61138840
-84588219
-10586682
-25439025
-74139542
-15219376
79531718
88366257
-11411854
3980741
-56840250
-26665154
-47940277
81535348
8463556
63247922
50687106
-75415424
-29011397
-14730805
-88024979
15906845
-71038239
41994322
65225004
-75536912
-8998138
-74852722
88005776
-62383257
-9957931
-37477488
-71404273
-22881567
-77821200
-82676372
-6507045
49733641
34157723
36124849
-83628191
76722387
-28811537
-17268608
-95089192
-5791076
-40991518
16089356
-28394784
87590875
-76796872
37617273
88255172
-9557545
-78548843
-52726775
-33762484
-90354358
-60612218
-70096981
37633381
-65262032
63610348
-22582222
-12772664
20760689
-26050854
-99721076
23466990
-46842115
11337252
60669825
36322888
44374883
-20726600
51244655
-52435329
-55448137
-15460856
58601059
-3587100
42399952
83228801
-26537461
-6083545
85351110
-81398446
-12075517
54606426
98583674
8316563
-13029057
-29108677
-82434767
-74868614
17645143
-48974782
8429771
97018068
82893486
63872780
50905856
50773361
35381531
22280610
-25405247
-79480264
-76124448
24088841
80417362
-64529622
75530022
-69773159
71133074
-46514603
5558017
-6203549
-41471379
-14051484
-9897406
32224095
-56655861
-14090245
-38285531
-77518204
23524631
-83546987
76670151
43060724
-56024418
424852
-86144396
9754655
5857586
58431428
-60295691
-99047377
-52907842
-33825028
69870415
-84721951
95764594
-92262676
13827759
56333511
54137537
92486530
-87569871
-9989681
-78294974
-1438648
-8296159
89964196
91105831
13977773
-63601476
-96020714
-6537867
34992013
56011970
-18685068
-92664275
-69046553
-5058078
92111797
-4077350
1866488
26700022
-34270742
-38952345
20218293
-43582200
25782698
60895389
66779203
-80416190
-42705087
-86157021
-72594638
-38564441
-81976572
58578374
-5413816
-97043053
-58829800
3086619
45828653
7816849
-70363875
57615945
12911901
68991972
-65048573
78838609
64490808
27917760
8932110
-59132677
44101338
-10102331
-80466004
-88097537
15862469
72963274
91053318
-67145431
1495260
38656815
77353957
98606550
-59921423
-59322641
-10507359
-74792037
95116864
92875907
41281810
29828239
-56768527
-13330806
87369411
69655071
-47682782
-43479676
-87412707
84599989
-66071806
78898730
-32051195
-51735786
-19853864
31858314
-63164428
2427685
36516117
39137814
-35806587
69073975
-25707059
-43724895
-82075713
77809845
-10844152
-45535029
-14197881
-50755897
30758821
14247717
8299873
-48396887
-88656751
-7159757
65025601
4076843
41656133
-13678477
-62421886
53804876
-7258036
-58145507
-44491548
-66071359
79818938
74142719
66949368
84485600
18842143
27692194
-6169977
5186324
-85123246
-69321694
14094057
-62999379
13327703
-75813091
87889085
-89376859
-6093746
-88814532
84097978
82143992
-30067390
88438020
-31700009
14553255
99547003
76548311
32781122
33638118
77992436
41750213
7335664
-78100429
90708657
-12508965
41408387
46847291
-14242572
-54121881
69431132
77790052
32710435
-20182294
-58554191
-38443358
19961025
-45652544
79479397
-57486240
-74250209
27820868
85170412
97913308
-74189485
69706782
8003240
67686469
34440069
73376308
97843965
40252380
278447
-78505162
-19723781
-55493763
46033052
-21610707
-91038000
-12246558
41874817
18235242
-99068217
62534012
24935599
-77378680
28621878
29173639
-62846348
73764778
-72990025
-45341556
30214688
-28646386
-74464600
57265242
24274154
79124953
-23636356
-32688985
-50681611
-29925124
15884700
-47588563
-4978069
81524020
-40962111
67886193
-93344907
45738161
66449397
13684684
-12888135
48130541
-25693397
78921661
-57817542
85482415
-59544682
83863227
29263025
11558342
-19634948
-33785894
-62836635
18307435
-14908910
37601125
-63162217
-68883298
-68891198
95467511
24674456
-78464816
-34962538
-87172775
-95286363
38171825
-46116585
-47013025
-80170779
76157521
-92473070
94348892
-3016125
1342174
-8450011
-21328287
33347991
-95465185
-95688505
57610642
64956059
2564374
17596745
8058685
-47997914
46249478
70601846
62835969
-3142937
-69240902
84494068
-15212295
-91335419
8150667
-27390644
76335439
12843941
-68969356
-75998261
-92728364
34303185
13861551
20492602
18804208
-7844076
-38352651
-91333430
11752905
-84512376
-57815646
18443525
-4110124
-95815691
-28857590
68260972
-46607354
-27524354
47850278
-33842780
-64180967
34723032
-28866579
-98624789
-50744466
58808007
71920491
-42859906
-56516562
61009890
-37624874
58231530
-68007305
87199851
80283394
-22689272
14267868
-57713902
-35750866
39261210
83663839
-21896407
-49437224
35476242
-53724508
65564519
-97724962
54717621
-950096
-68912203
-97189587
95623619
-4959511
82761948
55123963
-6189287
74102914
74269140
-9508892
-23572225
-45453727
60360061
36197007
-73702141
16393242
-3078919
-60068844
-32171846
84375315
9020857
50304507
-80417131
97994742
-78767867
-90132357
39075835
-95314670
48854619
-3552062
41827599
72541991
89650102
32597579
-2735354
-43227167
-72862857
62653719
95216093
76408338
41495507
-31998157
10560876
413979
51360460
63174567
-83341650
64074624
-99447520
-35445076
-32665033
-35741081
-22819539
19299221
79499554
10938559
34733591
-21392169
29173675
-30751191
-76913503
-12085072
32278519
91162416
55257905
-6523559
-90212901
-62424693
36458127
87753888
-41874204
-88252823
-41348371
48181772
-99635451
-25218596
72827917
71670604
85259481
-22145134
-67400012
54509483
89111346
-43916686
-43001907
3578292
16810399
68850962
23297115
39144735
69891436
-75914019
67609499
60765566
67672504
8133303
77450255
96246441
-13233088
-77623420
-24506571
17193277
-81426763
-12079501
25196461
28156091
25664656
-76792363
-25852897
-94352615
12214024
66065358
-87054619
34913074
43808086
79386911
-69095119
-40375528
82193517
83247089
45237022
-88673734
14011605
78038712
-75865136
32122246
79227243
-98434333
-60615569
-6668954
-98057657
27070794
-57623403
58507522
-71103618
-11641607
98169874
-40570668
9900514
6033058
-60595084
-52195210
85090820
-28781466
28191865
51526219
90373984
-72081119
44600269
-20288144
54868794
85121123
-52695114
-16752221
-94865822
32806583
37599599
-61351014
-89364514
9392066
82529195
78469678
31434763
-70779945
-8834628
-49265674
-45312821
32541463
-53825042
4558022
33315544
-59919960
-10271143
-99039658
19418464
-61491616
1110419
59762828
-83206434
31676673
71387095
-29199410
-99968318
-98265699
-85958974
-33268595
-33829977
43192113
94258534
-90535162
8659798
-30307283
-56936880
-18656149
-40613360
-30597227
27920695
-63387264
42376138
80925639
-90142157
27530226
82310921
-91846168
31231676
-91322101
17348647
12879272
-74329841
-79852016
96157974
-16196100
13394308
-88701276
-12400735
22522245
-54551204
-51524700
-48656878
-30951220
-96165677
-57870393
-56124624
-70124411
-27682339
-11769732
36924077
57641743
-26298308
88562826
-85150183
70590909
-52071372
2247517
-59077112
-30753049
-1921750
-87507206
19272053
-35310386
-79215147
-44946920
-5205739
94612061
-31960704
-93503271
20916362
-44786869
70668479
96707100
57481307
-98053798
-16913154
-18497824
-99779390
55150337
89476647
35569555
-78209375
47711447
-15224792
-70444031
-24603230
-64591901
96974972
-70946874
-74775049
-8100452
-21225595
-5365272
-91547668
-87898146
-7061610
81579085
58001197
-83205225
86170626
-73843724
43402024
25549590
-21527412
-18048102
87884121
41921337
-62792449
-45461199
33929830
95113476
7651154
-57218526
17560949
-97612115
91128197
84173276
53542288
-61888784
67133353
63074780
-56729562
-46015441
39962028
37139670
-55263267
17437021
62923428
-99264967
64242358
85093435
6890160
83686554
27669251
83640757
-39746090
-96288410
87916667
82470105
58721576
-85791653
-26285604
-82430334
-16523568
-7875381
-63654676
83344978
87444776
-94961072
-34104372
-96148054
12419092
-34421608
-87085522
-34195622
-643117
16988366
45897470
-96339246
-10497112
-91587322
-56218829
57782205
-38801928
-83437204
-35457286
-38895385
14362117
-76858452
33613161
-46114620
-34233663
-64936127
-55170080
13877774
-52728602
17998004
57817972
62677269
1834465
52843642
-94111400
24937188
-42864269
-52365578
31661097
-25484758
43699520
-71579530
94689811
68691890
-77836700
-42184849
-31712483
-73404877
-48645000
-77440673
-49085912
53162368
16232516
31277628
-36558773
-92930502
-26644430
98093910
86447577
-87381724
97418080
74322136
-38498422
59188683
-37438156
-72641288
-3343877
-88409720
70101453
81074615
72368406
-80255906
49173024
-33365873
60343075
-37963527
46426589
73094344
-86140001
88771294
-16819190
30847974
-81167987
-14725014
3168407
-94333077
40013904
-8547701
-22096020
-40485896
-24279087
-93257555
-48228762
50768120
32956839
9596966
-5735221
36338268
29547593
76247176
-56721886
54296743
38132808
77677539
55617761
8957225
-9472653
93240953
77807623
-78946202
-6647003
-21882392
90414467
62041302
1357045
-71141291
-44114965
-48653618
-60996119
-9620832
33816395
-52764260
51029359
-27899482
66318726
92580607
54102189
-88353654
-66544977
9770390
68950776
-38419174
-77941900
-90179137
36180014
-94490077
5248346
61061547
-15720281
59898481
-29401104
28922069
26620835
21093119
42832191
-95864983
5542087
-66750416
-37938978
-86827200
89273257
77960123
-61854896
-52741248
-34420312
3995817
16085208
50977919
29945378
92572259
64675311
53319046
13103209
55453187
-80324198
51551125
23064279
62162540
26062683
36838885
-85358713
-78262864
85597281
-27854647
40759700
3666091
96709634
-21513697
36428054
68252083
23000860
64027270
-78570752
84768861
16676433
-85106993
-65684688
-25116806
-54169504
94035503
1861354
