2119703
-78887217
-48413844
-30972814
-83864314
-44457544
-7596339
99547620
62213495
53482984
88150700
-45828850
-77502888
9231909
-74824064
21793570
-71050166
36621185
81720398
44321881
-43838847
29218057
79577099
68742549
45853406
-87970611
26130624
-43547751
-65314871
-22713931
-96933309
-17518872
10502412
25413836
59295259
-89995594
-52120942
-66951256
-4370869
-53696414
36856618
50966253
9973887
58313101
-2955720
-43565471
29549335
-80222944
-32734857
79963336
-66805573
8677701
93918877
-34041399
-90498257
713265
67982199
92212196
-7127195
-83170508
35755297
10279268
-39453463
-98472192
-15582185
-36634944
9884313
702549
-55119942
-12924437
-96822727
-98324299
22206639
5944812
73185340
69822343
86181417
-40760916
38681935
19571087
-8650195
34395433
-3689531
1201869
16193173
-44952503
93236866
-11085503
-7020669
24437795
39954463
-149002
3773055
79813001
-45780687
-59928053
61872146
-60533500
-25970908
32011592
-90499487
5326522
-25618061
-16936959
-38980008
41036604
-15927512
-24316510
-24738066
-89901800
52593001
70906389
59848143
61352482
26353422
-90062685
45283408
-87649289
-88954820
-30482645
-76736402
-97944573
-813915
13031468
61392811
10897490
-90335386
81347997
-36626435
-35773629
-84925284
-69040259
-17006765
-32757663
27901445
-14420915
5672171
86225911
-75809612
60119963
-27400849
1594223
-52928890
-43991975
-13225779
88682349
42858195
-7678811
-41763201
75787856
85424841
66275743
70272514
-27462440
70297544
94535051
27438722
35109161
724809
3658348
-43889593
-55461969
70105665
-29323802
32937012
-70517067
46972895
72014817
68289492
-20136675
-50767043
27687012
58052997
-86083195
51838970
-26710791
48506458
76869318
71727465
-56711574
-27636206
-6022755
63132211
63463932
-53702479
-21855886
-59636733
-20965297
45010917
-7862009
-13225818
18617279
54728319
-4741048
-60325221
64732981
-29384698
-91700364
57214004
-37966603
