99687923
98995654
98714830
97894570
97869796
93210120
93000480
92951661
92470297
92464455
91859030
90896423
90450096
89440007
89243724
88791800
87646885
87433102
86981457
85534043
84698956
83141636
82879353
82540865
82286083
78637518
78430270
78418556
77659256
77335330
76883534
74798322
74427420
74333145
73714562
73419921
72114393
71623860
69216828
64821251
62461198
61074668
59945947
59655355
58071395
57428469
57408469
57133686
56955295
54896677
54719655
54681957
53727219
52444056
51350550
50644577
49692431
49361925
48420277
46790637
45364808
44544725
44486930
42802940
42645246
42487931
39831196
38823253
37150463
36651172
34897909
34648731
33885673
33013042
32664639
30846903
29218369
27519705
26416025
24401500
24012025
22743123
18709657
18699302
18355769
17754087
17148658
16915278
16531213
14874006
14778189
12800713
12279601
9219838
8275410
7543554
6933813
6543554
6514734
6359078
4467243
2007075
785665
248076
-2088424
-2878623
-3086066
-4040214
-5455069
-6294833
-6341143
-6956769
-7442200
-7742775
-8489164
-9067191
-10115070
-14529139
-14559089
-15516062
-17272077
-18047997
-18150966
-19768512
-20034951
-23933280
-24080190
-24851793
-25017952
-25211041
-30075225
-30125338
-33722581
-36134511
-36652491
-39598840
-40899851
-41757482
-41907359
-42424132
-44604429
-45086031
-45579543
-46369674
-47650310
-47775937
-47806098
-49231520
-50787934
-52251019
-54245187
-54557448
-54569910
-55323027
-56424150
-58023225
-62919476
-63424606
-63557686
-63939918
-63998172
-64070077
-66641951
-68801037
-71059052
-73478934
-74296083
-74971724
-76174994
-76836120
-77255985
-77703201
-80025860
-80847463
-81779319
-82761789
-83855975
-84278386
-84798893
-85634437
-86299727
-86448418
-87484926
-88186262
-90673033
-91024057
-91032594
-91292249
-91908542
-92214136
-92432004
-93131047
-93512257
-95116300
-96606927
-98012025
-98478725
-99046193
-99093741
-99226208
