99955527
99946403
99822168
99789452
99769616
99691228
99633937
99617642
99604506
99600285
99577391
99516802
99440435
99432852
99277338
99226308
99188197
99102448
99027157
98972238
98943367
98873377
98823203
98814116
98778313
98777340
98766021
98757423
98683540
98616077
98458098
98437332
98353095
98338269
98325395
98256996
98097940
97906632
97772504
97626124
97468659
97458882
97415894
97399364
97383229
97151105
97132539
97111038
97043067
96742546
96721811
96544040
96523915
96450339
96345845
96169511
96119690
96032157
96011505
95870872
95629757
95628863
95612159
95235966
95135793
95034540
95012204
94938631
94815305
94525877
94517992
94447311
94421442
94382333
94380597
94313637
94204707
94203712
94103247
93898633
93747849
93344550
93335125
93244926
93242109
93208367
92918057
92756975
92699773
92680107
92665939
92486085
92405648
92384637
92322631
92136521
92024794
91914838
91813064
91718233
91522387
91405149
91325847
91144224
91009860
90829275
90827931
90668716
90526419
90468094
90465237
90395961
90334574
90328524
89980441
89850221
89738804
89640114
89387686
89339924
89285789
89128314
89122836
88974357
88602234
88529525
88477124
88366723
88324657
88281485
88156426
87983656
87937819
87922422
87732694
87605345
87601221
87421343
87407186
87320615
87288547
87255561
87166612
87089582
87026582
86984106
86939449
86885690
86828812
86823467
86586361
86585612
86516383
86473877
86135455
86081288
86055634
85980776
85897481
85829317
85762391
85642596
85594925
85587931
85581596
85410335
85381935
85120935
85084023
85055284
84909338
84889373
84788547
84786651
84727966
84616948
84616432
84539417
84514648
84295726
84148417
84124182
84002969
83798369
83742612
83635176
83400901
83219101
83007325
82783522
82774095
82597564
82463872
82456689
82340878
82221777
82072924
82039421
81890900
81820452
81737806
81605044
81488784
81442681
81438882
81326883
81264586
81185641
80926587
80923125
80855311
80711986
80565006
80234704
80136442
80021160
79754068
79694928
79680151
79320609
79309151
79288271
79215987
79142826
79097636
78932765
78816207
78279126
78220815
78048881
77789795
77701547
77687701
77561037
77503484
77493929
77231021
77208830
77073957
77003601
76849854
76716800
76593316
76523787
76356377
76348787
76348648
76340580
76270011
76139424
75947421
75864572
75776029
75650947
75537267
75482742
75470526
75446143
75325209
75288733
75283195
75171980
75075112
75065204
74824000
74748564
74601381
74581091
74458901
74334642
74250780
74171655
74069059
73835821
73784984
73516210
73370266
73320719
73288790
73226360
73135652
73104743
73096405
73072292
73059739
73045910
73023826
72934366
72837222
72829814
72778625
72730398
72668414
72574250
72536366
72478714
72366771
72265877
72243679
72233760
72167117
72076401
72052905
71383115
71342068
71275128
70898964
70766442
70718290
70709997
70491017
70470646
70238808
70003829
69986063
69984508
69846342
69757046
69709447
69667029
69666493
69657653
69652701
69642139
69500736
69449443
69367334
69281555
69243805
69183870
69089360
69024976
68995527
68951152
68842564
68749122
68698012
68548870
68448434
68192690
68058901
67871559
67787094
67776962
67686893
67627251
67548686
67275434
67198727
67195925
67150735
66998425
66856166
66660081
66169574
66106007
66075592
65967141
65948625
65881066
65765971
65738651
65626303
65555456
65353633
65258237
65240869
65113385
64959917
64879322
64682721
64410558
64328704
64188731
64161519
64065561
64042698
64031775
63972390
63909277
63860197
63799646
63541126
63528482
63254320
63249377
63205484
62989757
62843891
62837241
62747221
62594008
62543156
62491006
62274442
62270569
62168508
61395118
61131379
60886355
60695741
60596488
60555179
60533500
60522978
60519800
60516550
60209387
59920139
59912514
59845675
59793491
59715698
59681845
59674916
59503768
59492950
59488035
59406601
59041330
59007331
58967526
58907390
58843999
58822776
58806010
58729284
58721463
58602333
58599653
58437629
58268421
58250402
57951324
57943713
57915827
57850280
57729653
57640479
57460904
57455479
57251917
57180302
57127953
57100283
56996901
56944851
56874249
56860086
56673560
56650758
56387680
56329573
56290210
56276970
56266541
56076084
56015657
55971137
55968249
55911808
55870996
55832061
55758764
55663503
55644505
55492070
55394713
55315485
55180710
55133030
55086903
55066359
55053357
54986373
54962497
54744574
54656591
54513135
54434749
54424379
54413658
54068596
54067453
53972370
53919738
53902369
53846372
53781860
53732317
53585440
53391700
53378243
53336381
53175638
53160450
53125123
52910655
52905729
52562651
52290452
52275414
52088372
52031150
52016701
52000019
51994662
51983750
51968040
51903432
51785166
51560599
51385715
51307268
51133321
51111840
51043007
50853853
50798506
50748732
50715846
50686214
50503412
50391270
50350921
50336886
50323521
50241795
50185079
50085303
49963609
49955366
49888919
49790781
49686333
49674508
49603658
49521093
49503766
49373611
48658134
48644669
48441082
48375294
48331161
48121674
48084324
47969699
47852006
47779841
47766156
47681385
47668152
47429100
47135219
46771293
46637458
46615827
46581743
46501753
46375063
46363419
46144833
46102191
46085309
46070647
45849066
45647950
45614084
45609750
45117666
44958439
44858365
44803703
44632912
44624371
44381083
44371519
44368801
44104308
44096979
43956887
43510844
43361069
43338095
43312530
43261237
43251996
43224680
43148465
43061729
42850300
42671963
42657159
42525722
42473942
42332370
42047830
41677804
41648695
41633000
41554454
41466546
41338467
41095660
41026852
40969477
40950558
40834651
40826753
40756546
40728940
40686853
40641500
40538044
40481073
40322295
40283425
39946016
39724734
39682388
39671579
39651113
39571467
39535424
39435795
39433450
39280408
39261176
39219548
39212821
39202741
39147460
39007857
38946327
38578732
38480026
38385799
38319146
38175125
38120657
38004617
37967117
37966304
37937889
37903856
37870972
37864487
37688194
37561712
37552350
37401252
37347522
37278900
37178692
37121827
37120035
37064281
37041537
36897904
36758684
36757873
36677012
36309992
36230742
36189756
36055184
36049466
36020466
35741756
35610701
35426147
35144797
34999357
34989191
34913465
34905142
34820708
34669938
34503638
34068650
33946625
33920650
33883489
33403599
33368403
33000329
32930813
32879667
32832496
32779340
32713491
32453366
32377449
31896026
31852435
31821708
31740100
31613223
31599943
31532131
31506896
31481583
31456074
31415162
31301693
31299791
31273722
31227359
31098514
31087442
31085143
30999929
30947388
30932214
30859226
30351218
30249234
30147177
30082022
29998476
29865695
29706325
29696906
29629725
29625038
29618856
29610630
29565195
29521783
29347279
29278716
29236384
29175845
29141849
28961026
28875927
28869402
28721134
28714538
28198826
28172103
28162944
28114225
28027382
28015401
27990303
27815601
27744884
27594570
27345042
27094053
26952423
26937064
26838186
26771226
26764299
26720210
26702299
26669271
26663170
26628905
26596563
26569704
26547303
26412363
26411523
26390787
26241871
26101727
25894798
25831909
25644004
25585104
25580881
25571602
25474975
25235264
25226080
24980310
24749572
24652035
24543929
24230660
24156894
24095501
23801225
23606766
23476836
23310401
23241388
23229279
23136726
23122911
23096629
23028172
22840415
22624310
22565965
22277376
22111640
21998607
21874970
21861176
21691929
21569067
21559539
21521678
21415121
21216714
20930418
20902348
20503525
20203549
20170678
19966830
19944422
19911728
19705826
19611920
19508659
19461807
19400862
19237230
18960764
18958680
18813152
18802110
18731254
18466224
18381003
18190617
18120132
18010719
17863721
17842671
17768445
17624887
17561257
17523076
17358335
17307393
17270274
17158310
17080590
16955640
16953334
16947752
16620885
16612016
16543910
16511814
16416280
16315471
16280242
16077723
15947298
15938192
15634351
15487787
15342258
15307362
15065893
14947732
14890581
14692197
14655267
14389120
14359254
14320152
14137830
14090100
14082618
14038649
13978228
13958640
13853151
13700297
13572730
13549330
13461054
13342851
13229382
13139726
13071927
13048514
12977975
12920996
12870634
12799684
12713253
12704792
12332568
12076920
12022555
12000351
11967516
11925062
11781559
11628837
11621882
11444469
11330577
10894047
10793482
10764379
10676310
10669914
10420180
10366995
10361753
10228153
10223399
10214310
10053511
9584443
9264921
8884352
8880854
8853615
8530930
8429186
8425223
8270919
8236883
8193805
8138996
8037330
7996578
7858981
7562990
7436103
7238602
7237324
7230178
7205992
7106798
6916446
6867792
6848467
6772122
6719057
6711380
6709023
6630394
6335699
6219848
6139750
6089584
6084720
6077882
6068965
5932753
5892348
5789005
5679641
5649552
5551362
5406563
5404722
5335163
5317321
5309396
5225002
4875047
4780370
4602962
4599250
4563936
4524147
4458679
4434900
4179582
4010614
3855145
3352125
3324695
3281022
3161892
3159732
3145411
3114269
2993967
2954882
2873497
2798705
2793161
2776642
2715686
2656776
2478471
2424153
2359534
2307457
2247828
2130587
2080885
2024695
2011571
1977397
1175647
978034
796438
236293
234821
153970
75761
74622
-25736
-312318
-369145
-434536
-470721
-572936
-725294
-871181
-913036
-1074925
-1089326
-1112711
-1127827
-1363694
-1495796
-1599663
-1714582
-1726378
-1881498
-1975139
-2082927
-2089707
-2286256
-2337093
-2399996
-2561525
-2656672
-2669800
-2785085
-2791587
-2937314
-2982021
-2982666
-3096986
-3121939
-3217110
-3290418
-3340135
-3397103
-3507867
-3571469
-3676684
-3810600
-3957009
-3996058
-4001737
-4070264
-4276078
-4540215
-4541573
-4619711
-4653407
-4699762
-4789585
-4897918
-4935875
-5053186
-5089357
-5137402
-5242640
-5347160
-5381534
-5459719
-5719905
-5760954
-5796738
-5826951
-5913722
-5971211
-6008317
-6105141
-6125358
-6137388
-6166098
-6213071
-6287558
-6553947
-6643734
-6922705
-6928321
-7019036
-7127416
-7154238
-7231668
-7322112
-7381959
-7411242
-7498107
-7545508
-7751996
-7846858
-7852152
-7889350
-8153632
-8177801
-8186274
-8277124
-8291362
-8333592
-8542368
-8657935
-8685834
-8711378
-8724098
-8750800
-8839053
-9090642
-9291240
-9367563
-9372190
-9467903
-9791551
-9840729
-9938107
-10436162
-10840800
-10864675
-11111497
-11189698
-11335614
-11357702
-11573287
-11621591
-11666371
-11781742
-11846600
-11939759
-12193115
-12293207
-12306067
-12407585
-12410736
-12659918
-12785075
-12877809
-12895309
-13092269
-13185251
-13208432
-13419980
-13508476
-13564816
-13584035
-13759066
-13888145
-13948955
-13993395
-14149235
-14272086
-14386935
-14602135
-14616417
-14624555
-14675057
-14749988
-14919626
-14954161
-14962035
-15168000
-15172421
-15276126
-15285215
-15459390
-15522220
-15674999
-15689628
-16016534
-16244942
-16298904
-16403807
-16489486
-16518803
-16582563
-16653739
-16862337
-16953284
-17127027
-17252589
-17622155
-17634601
-17642001
-17678780
-17763028
-17987048
-18068322
-18115465
-18502387
-18781295
-18881023
-19029045
-19412352
-19485903
-19581255
-19850414
-19851845
-20139331
-20280828
-20287887
-20433860
-20518836
-20524769
-20537309
-20561826
-20575038
-20622545
-20708024
-20754738
-21021194
-21040863
-21047833
-21114463
-21247002
-21276536
-21400377
-21537787
-21538285
-21580608
-21609786
-21628796
-21826381
-21944677
-22012594
-22059877
-22106969
-22111674
-22111803
-22122465
-22125488
-22537854
-22612179
-22659134
-22685309
-22862228
-22943954
-23074827
-23102277
-23105348
-23270685
-23414161
-23440794
-23818161
-23866801
-23971276
-23973868
-24055944
-24146523
-24227311
-24240302
-24360108
-24431357
-24531974
-24535592
-24547733
-24647631
-24803101
-24813607
-24927544
-25141805
-25258595
-25399494
-25536732
-25572911
-25587651
-25613527
-25715406
-25896141
-26131362
-26160075
-26266044
-26269305
-26414286
-26628866
-26659586
-26693691
-26816497
-26974032
-27061954
-27374205
-27421034
-27616215
-27656420
-27693037
-27745476
-27804173
-27837793
-27895422
-28021575
-28030604
-28165930
-28276209
-28285397
-28295653
-28304570
-28392545
-28685627
-28699495
-28883319
-28893951
-28911863
-28920121
-29029703
-29085639
-29264357
-29322333
-29524366
-29566071
-29694576
-29759361
-29772043
-29796007
-29796788
-29820289
-29916504
-29939532
-30062822
-30096737
-30104603
-30159439
-30233679
-30244649
-30446797
-30498600
-30610911
-30621050
-30665927
-30775393
-30977095
-31041561
-31049457
-31099145
-31226229
-31383242
-31386275
-31553321
-31573793
-31576084
-31631269
-31691984
-31757349
-32004295
-32060740
-32116924
-32170358
-32212941
-32278029
-32355244
-32431459
-32489133
-32629586
-32772561
-32779367
-32792572
-32813864
-33220440
-33275445
-33328900
-33401999
-33423631
-33536868
-33692725
-33785448
-33828717
-33989964
-34033854
-34060002
-34211972
-34567268
-34617624
-34654808
-34801639
-34818001
-34850852
-34968858
-35240939
-35361835
-35422242
-35616179
-35885153
-36069679
-36393394
-36461434
-36657087
-36727146
-36968350
-37096482
-37114026
-37184501
-37290148
-37474003
-37493762
-37634421
-38081860
-38187153
-38280956
-38856312
-38919440
-39176226
-39236964
-39256702
-39322337
-39402585
-39445451
-39480588
-39490593
-39556973
-39569365
-39612935
-39641956
-39812281
-40010546
-40179268
-40261146
-40276017
-40363201
-40446678
-40468470
-40555286
-40665443
-40734981
-40794699
-40800566
-40820275
-40837457
-41002093
-41171531
-41186209
-41353856
-41466221
-41564782
-41611364
-41667506
-41973726
-41998671
-42270902
-42488033
-42620597
-42991323
-43188344
-43439422
-43552378
-43587019
-43589182
-43608705
-43818112
-43864489
-43907837
-43992420
-43995409
-44245007
-44293860
-44316783
-44351021
-44463960
-44486593
-44502112
-44869289
-44870124
-44914687
-44967805
-44989106
-45160833
-45184880
-45305267
-45349478
-45422651
-45532577
-45539875
-45590506
-45648525
-45665744
-45669537
-45813599
-46050216
-46119564
-46122778
-46204342
-46261831
-46406321
-46457162
-46718513
-46741426
-46820913
-46826354
-46903063
-47012926
-47113609
-47138342
-47341153
-47424448
-47688686
-47692954
-48114351
-48120409
-48237942
-48253392
-48302894
-48306637
-48470274
-48545689
-48559149
-48601964
-48627602
-48673434
-48755502
-48896609
-49396907
-49428997
-49465997
-49551797
-49777073
-49825932
-50021093
-50059625
-50105675
-50179774
-50188013
-50415890
-50455598
-50811612
-50880559
-50941680
-50973879
-51053537
-51161190
-51247879
-51324776
-51446383
-51459134
-51473556
-51630262
-51870528
-51874804
-51908282
-51960941
-52059221
-52160968
-52285824
-52363426
-52366742
-52480198
-52618364
-52891180
-52936952
-53342745
-53350968
-53519639
-53725075
-53809043
-54150303
-54300917
-54331802
-54519568
-54614213
-54692130
-55041235
-55116819
-55437031
-55507534
-55605507
-55689955
-55720108
-55862287
-55863219
-55864265
-55868120
-55895115
-55936611
-55982152
-56150133
-56272676
-56387441
-56728649
-56731513
-56902134
-56929509
-56949258
-56969927
-56973100
-57169727
-57177552
-57189272
-57276345
-57340434
-57548868
-57636893
-57689350
-57690689
-57720517
-57977389
-58019644
-58395920
-58524180
-58532398
-58536509
-58539632
-58642593
-58653336
-58786521
-58800565
-58856665
-59040598
-59065323
-59178972
-59192743
-59217972
-59228805
-59429794
-59445923
-59505493
-59512553
-59695520
-59773140
-60015417
-60121951
-60133540
-60291068
-60291208
-60487626
-61144711
-61233132
-61422202
-61536087
-61818666
-61906983
-61968298
-62026188
-62182907
-62199422
-62214984
-62245208
-62414709
-62433068
-62538238
-62875536
-63049176
-63234868
-63263055
-63315192
-63337206
-63398744
-63501435
-63759373
-63782282
-63932060
-63983483
-63989997
-64157398
-64190653
-64403774
-64489552
-64674718
-64749399
-64784074
-65069981
-65108995
-65190695
-65212626
-65668810
-65739150
-65876152
-66206132
-66485782
-66529504
-66704841
-66707230
-66745661
-66765626
-66905810
-67388388
-67484122
-67592224
-67696441
-67709118
-67716279
-67801429
-67892517
-67896691
-67897662
-68067198
-68079503
-68104828
-68153213
-68233896
-68361465
-68507526
-68535910
-68582562
-68592182
-68597073
-68740493
-68752121
-68762627
-68824255
-68859289
-68892903
-68897351
-68961992
-69106482
-69151692
-69489334
-69732278
-69807433
-70058009
-70250313
-70257839
-70290635
-70304038
-70411876
-70479454
-70479963
-70740091
-70809184
-70963454
-70987534
-71034913
-71161327
-71440879
-71504986
-72216269
-72316582
-72484943
-72510639
-72565120
-72807709
-72960761
-73156924
-73211086
-73290829
-73419926
-73591458
-73609983
-73640488
-73715946
-74078101
-74081393
-74128666
-74179376
-74224329
-74369134
-74384862
-74420253
-74603644
-74646762
-74651994
-74732125
-74739743
-74889515
-74947956
-75002827
-75003938
-75090958
-75120363
-75138019
-75263802
-75282881
-75435928
-75505762
-75507703
-75556951
-75885952
-75942936
-75948005
-76109672
-76113155
-76272518
-76447366
-76470794
-76607315
-76637562
-76753631
-76767702
-76769345
-76804477
-76987022
-77032302
-77075329
-77108895
-77472619
-77697717
-77710966
-77730857
-77742937
-77761130
-77784844
-78410316
-78626230
-78873864
-78897945
-79102361
-79162946
-79229305
-79264096
-79271763
-79370676
-79441945
-79443179
-79868329
-80209211
-80390040
-80390135
-80464175
-80984965
-81417930
-81625671
-81672524
-81812757
-81839754
-81910771
-82141673
-82218490
-82493525
-82542186
-82562163
-82603778
-82647011
-82735424
-82806735
-83087849
-83132433
-83163431
-83188969
-83236145
-83283036
-83406914
-83594732
-83735703
-83928756
-84107303
-84133600
-84253926
-84349040
-84487382
-84492488
-84518428
-84771029
-84966093
-85120834
-86045215
-86211075
-86519171
-86664689
-86718973
-86722110
-86776373
-86819633
-86850808
-86999681
-87146542
-87203528
-87217310
-87289385
-87428368
-87594431
-87722301
-88009064
-88062236
-88156380
-88160585
-88238813
-88244604
-88378262
-88525656
-88586494
-88613209
-88672152
-88773674
-88898282
-88922380
-88924489
-89039842
-89112009
-89126302
-89133866
-89150267
-89209668
-89325212
-89525412
-89767258
-89812949
-90048795
-90090666
-90155297
-90334604
-90337918
-90470657
-90554187
-90708276
-90807312
-90993903
-91020412
-91043087
-91325584
-91381941
-91485440
-91516068
-91586600
-91605172
-92015066
-92122170
-92189599
-92400152
-92510298
-92577745
-92781119
-92794945
-92877662
-92978926
-93013338
-93215848
-93224235
-93341990
-93428134
-93458309
-93539308
-93544285
-93551436
-93666569
-93795562
-93883742
-93905587
-93913607
-93915862
-93948265
-94093123
-94156787
-94177638
-94369258
-94422742
-94431454
-94432715
-94620541
-94625787
-94639535
-94686646
-94817386
-94818201
-94880229
-95032116
-95032510
-95171338
-95206962
-95233144
-95364178
-95432034
-95453476
-95633236
-95919336
-95989621
-95992068
-96126661
-96229251
-96233381
-96233908
-96282227
-96302352
-96317895
-96327417
-96359532
-96611777
-96796045
-96881212
-96973328
-96974249
-97210418
-97266689
-97306456
-97442563
-97876052
-97927742
-98148152
-98168014
-98189150
-98191392
-98221337
-98581310
-98687667
-98704700
-98878348
-99015281
-99040223
-99075463
-99078020
-99113882
-99174857
-99224883
-99393658
-99524927
-99586900
-99812901
-99813203
-99920972
-99929783
