-99990374
-99908984
-99823688
-99805657
-99803855
-99777707
-99672195
-99542393
-99528332
-99325006
-99322703
-99300860
-99292792
-99288192
-99244949
-99178088
-99149063
-99078841
-99070776
-98889806
-98854566
-98720838
-98602376
-98579861
-98491719
-98332811
-98179561
-98178393
-98130136
-97815372
-97717144
-97701849
-97419383
-97256193
-97161957
-97081627
-97068275
-96875113
-96802173
-96667498
-96558344
-96542300
-96534025
-96408051
-96232686
-96187888
-96120192
-96080785
-96015133
-95939043
-95823414
-95781778
-95738997
-95356711
-95293680
-95230872
-95222788
-95218497
-95166556
-95109923
-94831723
-94615721
-94545979
-94503749
-94284952
-94276373
-94267161
-94157131
-93586322
-93563169
-93366923
-93091070
-92885816
-92885356
-92631730
-92534732
-92383593
-92237380
-92175996
-92132655
-92085374
-92079431
-91870493
-91868540
-91781149
-91657897
-91596915
-91399571
-91349994
-91234820
-91195162
-91179314
-91090917
-91047028
-90975842
-90717552
-90661746
-90597747
-90473505
-90337803
-90301030
-90254516
-90210518
-90132752
-90070196
-89890938
-89716389
-89404612
-89398890
-89323537
-89156605
-89121727
-89113038
-89111772
-89027348
-88983735
-88955672
-88932385
-88867188
-88826587
-88800469
-88747278
-88697442
-88650617
-88484521
-88382243
-88316290
-88297586
-88297530
-88267883
-88149180
-88069498
-88027271
-87999251
-87918239
-87662420
-87571511
-87271364
-87092952
-86991745
-86896323
-86664221
-86629705
-86543615
-86482879
-86363233
-86313857
-86305201
-86265730
-86252539
-85999579
-85763929
-85542268
-85509204
-85333346
-85263376
-85089163
-84907211
-84739700
-84651559
-84599654
-84583025
-84556016
-84454612
-84396423
-84293950
-84202653
-84130551
-84019034
-83798980
-83539250
-83498868
-83492495
-83426907
-83239713
-83120720
-83097476
-82930349
-82920120
-82783077
-82687584
-82664386
-82498234
-82486981
-82388740
-82223269
-82115291
-82113077
-82072332
-81884900
-81704725
-81413738
-81054022
-80761151
-80754598
-80620180
-80560801
-80538651
-80482151
-80430121
-80213243
-80170872
-80084607
-79990777
-79970628
-79943579
-79843970
-79733933
-79678936
-79589731
-79574861
-79574012
-79454640
-79440220
-79438438
-79254796
-79240466
-79145371
-79110201
-78978266
-78932447
-78822448
-78759317
-78746717
-78730890
-77630937
-77622902
-77581434
-77553779
-77456275
-77264789
-77128833
-77016728
-76775493
-76726853
-76611848
-76546367
-76342479
-76217825
-76140196
-76022981
-75952219
-75800186
-75468676
-75413516
-75205729
-75151397
-75097417
-75052908
-74970555
-74963091
-74877350
-74859033
-74339784
-74264801
-73872343
-73816993
-73733899
-73698550
-73515662
-73414406
-73359863
-73227641
-73221632
-73204118
-72807682
-72771389
-72752923
-72534357
-72415417
-72228217
-72174767
-72029674
-71954681
-71936586
-71813626
-71688016
-71635432
-71538296
-71284819
-71034216
-70836942
-70754391
-70699897
-70567510
-70363043
-70361788
-70311339
-70295425
-70211484
-70165879
-70130558
-70036783
-69799153
-69736875
-69673576
-69477213
-69311779
-68983661
-68659481
-68614313
-68329192
-68281823
-67909212
-67755169
-67711085
-67586736
-67442811
-67315890
-67312544
-67066212
-67023334
-66996792
-66947762
-66838021
-66832315
-66796401
-66733899
-66627167
-66575792
-66448581
-66306597
-66302798
-66225789
-66079712
-66062984
-65828203
-65817169
-65709184
-65544892
-65433467
-65265759
-65147157
-65128658
-65008500
-64986940
-64924269
-64799130
-64707148
-64625286
-64619835
-64599807
-64500500
-64499577
-64365065
-64362743
-64329849
-64180267
-64121688
-63992437
-63773749
-63740767
-63696495
-63668336
-63461414
-63405668
-63185839
-63156792
-63054767
-62842826
-62545522
-62446881
-62352873
-62304819
-62274073
-62238059
-62206340
-62092754
-61778986
-61638432
-61527738
-61425067
-61353629
-61225413
-61203742
-61107915
-60983933
-60821750
-60783334
-60755152
-60752892
-60508916
-60396734
-60354822
-60342400
-60319785
-60216743
-60161415
-60021393
-60000109
-59929061
-59859720
-59638958
-59425332
-59366591
-59314971
-59262357
-59162010
-59155207
-59143063
-59105661
-58929598
-58898452
-58678035
-58520850
-57848294
-57700752
-57645406
-57571003
-57457013
-57361309
-57286955
-57281663
-57235330
-57132147
-57105585
-57099093
-57080943
-57029174
-57001380
-56844800
-56772071
-56531339
-56470139
-56014830
-56004067
-55924572
-55887978
-55881298
-55877281
-55793121
-55608158
-55588893
-55507874
-55392776
-55312638
-55292886
-55225924
-55169048
-55074636
-54855649
-54768693
-54732423
-54604747
-54259614
-54252161
-54210030
-54208185
-54206149
-54173311
-54104224
-53970996
-53877157
-53862299
-53846745
-53808397
-53807868
-53486480
-53298746
-53139224
-53108394
-53088590
-52984254
-52711586
-52698602
-52696820
-52639023
-52447878
-52415491
-52392050
-52296525
-52123759
-52069321
-52001353
-51791943
-51626619
-51586736
-51446718
-51146146
-51123318
-51120605
-51088186
-51044162
-51012464
-50897740
-50858557
-50737565
-50695648
-50650286
-50627434
-50408090
-50285121
-50037336
-49882625
-49819812
-49779790
-49623170
-49585901
-49503131
-49431528
-49206920
-49039429
-48986853
-48839880
-48753154
-48746872
-48605353
-48556340
-48420200
-48395618
-48381610
-48327119
-48145050
-48138966
-48120966
-48113118
-48026951
-47971100
-47853320
-47809519
-47709239
-47663247
-47565623
-47545472
-47445714
-47418976
-47307078
-47275247
-47008706
-46902087
-46854522
-46796711
-46777806
-46765101
-46667438
-46600652
-46558680
-46558339
-46476877
-46463326
-46463222
-46312600
-46206828
-46193552
-46121831
-45988385
-45816965
-45786741
-45755848
-45731364
-45666918
-45585756
-45559802
-45500711
-45443126
-45423347
-45401494
-45385330
-45383953
-45322382
-45216154
-45213893
-45191923
-45069085
-44884105
-44841440
-44833313
-44792199
-44773585
-44767657
-44704297
-44658270
-44516173
-44238538
-44159689
-43997541
-43955533
-43848865
-43836535
-43691491
-43467183
-43450609
-43444097
-43138293
-43121948
-43026750
-43022115
-42785219
-42662776
-42644868
-42604044
-42510163
-42349591
-42217712
-42162739
-42104982
-41924332
-41917022
-41662809
-41634580
-41610392
-41110721
-41100376
-40889287
-40798561
-40567700
-40428838
-40410486
-40387985
-40358647
-40330983
-40329832
-40326544
-39974599
-39971189
-39968518
-39776899
-39739097
-39502846
-39432285
-39423207
-39422887
-39292954
-39091227
-39074527
-39032758
-39002612
-38927087
-38900510
-38863950
-38694021
-38302124
-38153277
-38094640
-38077820
-38071549
-37770015
-37720838
-37715355
-37709608
-37584590
-37422507
-37302941
-37298568
-36885017
-36793998
-36322617
-36285558
-36278032
-36266959
-36259051
-36194175
-36173149
-36127612
-35948998
-35859620
-35614131
-35581858
-35104685
-35084651
-35061916
-35053534
-35017754
-34980310
-34837899
-34491225
-34445761
-34426573
-34333045
-34227896
-33933542
-33823763
-33580458
-33550245
-33508397
-33505728
-33455567
-33267528
-33265685
-33167804
-33159341
-33089131
-33085107
-32973494
-32956498
-32847443
-32820741
-32653897
-32606536
-32521496
-32489511
-32481377
-32354986
-32329632
-32208490
-32128449
-31954855
-31814546
-31806157
-31608528
-31335408
-31184514
-31080293
-30700182
-30519508
-30317542
-30078198
-30015866
-29959971
-29955172
-29301294
-29251590
-29135986
-29076041
-28897543
-28884407
-28880321
-28803891
-28704568
-28657080
-28287303
-28273433
-28182568
-28145816
-28091971
-28070184
-28043151
-28013347
-27973548
-27916203
-27595411
-27530168
-27407860
-27307242
-27144441
-27132039
-26907745
-26868559
-26862880
-26858859
-26656796
-26608891
-26599371
-26563740
-26356394
-26324271
-26204643
-26193515
-26189190
-26173588
-26166392
-25875179
-25815172
-25797862
-25796727
-25486821
-25441453
-25433968
-25376442
-25300524
-25294765
-25236654
-25174715
-24927009
-24856802
-24622620
-24568298
-24444322
-24255739
-24234594
-24171605
-24083717
-23949500
-23651587
-23416119
-23377725
-23358142
-23344031
-23335356
-22947503
-22937706
-22918661
-22740449
-22666626
-22645629
-22556175
-22546659
-22396807
-22275527
-22234685
-21759505
-21664760
-21610693
-21597009
-21544991
-21489158
-21471378
-21419856
-21374603
-21371969
-21247205
-21221342
-21147027
-21056388
-20974947
-20966212
-20918528
-20805547
-20768309
-20712946
-20630458
-20591682
-20474266
-20298978
-19934756
-19700537
-19672039
-19363676
-19107923
-18867422
-18753297
-18656739
-18376955
-18352947
-18280327
-18249032
-18200550
-18158681
-18004639
-17727045
-17701458
-17666123
-17564634
-17539319
-17414490
-17315038
-17194343
-17156421
-16945205
-16862886
-16816377
-16788019
-16761879
-16565256
-16480738
-16215026
-16201760
-16148905
-16099388
-16006872
-15937716
-15898526
-15708754
-15703630
-15681930
-15665789
-15646921
-15644827
-15586935
-15510143
-15477958
-15466014
-15422947
-15345784
-15302691
-15188988
-15153828
-15122406
-15087391
-15048561
-14354102
-14301310
-14282344
-14238893
-14153945
-14131803
-14041283
-14007511
-13977299
-13912010
-13867319
-13760590
-13672878
-13635281
-13586309
-13569874
-13544198
-13535657
-13532487
-13444066
-13362702
-13345483
-13257441
-13256424
-13237529
-13163247
-13049919
-13049148
-12843631
-12724517
-12619317
-12270454
-12157805
-12010780
-11864831
-11786014
-11563862
-11471853
-11439191
-11411737
-11381688
-11328760
-11155913
-10874322
-10845354
-10652139
-10641532
-10572641
-10482570
-10384427
-10363870
-10246155
-10116610
-10070611
-9886677
-9781542
-9763552
-9406222
-9383707
-9290865
-9278883
-8985339
-8911035
-8885997
-8813249
-8730686
-8648801
-8599276
-8593078
-8485364
-8440652
-8364575
-8176340
-8056795
-7958056
-7917122
-7874436
-7730783
-7656293
-7464113
-7445341
-7334920
-7329760
-7291789
-7073205
-7059199
-6889159
-6842269
-6606488
-6600016
-6420440
-6351578
-6229731
-6224630
-5796993
-5751905
-5475771
-5284129
-4995181
-4808378
-4732184
-4672036
-4601862
-4423541
-4333122
-4147803
-4054298
-3955633
-3934224
-3914530
-3798643
-3686456
-3544163
-3536288
-3476949
-3327422
-3294120
-3259270
-3215967
-3211812
-2931190
-2859709
-2809967
-2594187
-2570317
-2527560
-2363411
-2302030
-2294799
-2241359
-2213007
-2060363
-2005506
-1990625
-1931467
-1780044
-1545656
-1356218
-1294741
-1293624
-1176142
-1077733
-892992
-808585
-796831
-794222
-771198
-764017
-677437
-640523
-474146
-363075
-171186
7315
122225
284442
309613
475380
491883
515898
593536
1125553
1281850
1477861
1491726
1630188
1696868
1706804
1720777
1735964
1817327
1977470
2042553
2055759
2088055
2102436
2210202
2424840
2614938
2661502
2825132
2858908
2966537
3161538
3272775
3300103
3301794
3316818
3476992
3485188
3504673
3885866
3911775
3954043
3986874
4098224
4110161
4139187
4225373
4643194
4713392
4785470
4812300
4838733
4870904
4915486
4933936
5307245
5434688
5527139
5571657
5614525
5719193
5998870
6106328
6111008
6142009
6193429
6263726
6332842
6364398
6463776
6596895
6651370
6789063
7017553
7058128
7078837
7117713
7137953
7273337
7312944
7348199
7440438
7520539
7587535
7647151
7760438
7903336
8109235
8333105
8554252
8607547
8661405
8681669
8712818
8838329
8952366
9026142
9231926
9264562
9270432
9279828
9329397
9398039
9448077
9462284
9888116
10011740
10020924
10074385
10079416
10206264
10351976
10672392
10678946
10823183
10889733
10936906
10968497
11021671
11163708
11200362
11227213
11358377
11531114
11585246
11639056
11680160
11755367
11849030
11883780
12073845
12133587
12209368
12280874
12527784
12548099
12614963
12632366
12870625
13054621
13120276
13142308
13185531
13258984
13387002
13403815
13491242
13511749
13588130
13906838
14091075
14152995
14171465
14592038
14686046
14714418
14769876
14831768
15001289
15186000
15210283
15268004
15316214
15452422
15507143
15546309
15690331
15826545
16022417
16065156
16177038
16206796
16533186
16726618
16748394
16762215
16769943
16855238
16869873
17002399
17014389
17073607
17093791
17170744
17615851
17655182
17661097
17709801
17808202
17956099
17977726
17997237
18158192
18205142
18234545
18351512
18425346
18468767
18504702
18598416
18757173
18849902
18915883
18992055
19065396
19316352
19379852
19437945
19525361
19623930
19640458
19785308
19848666
19889765
20001669
20342974
20511255
20665933
20692596
20697168
20772773
20822437
21013905
21061463
21221166
21326729
21346455
21403465
21410790
21483298
21731322
21986919
22006223
22220058
22247209
22288585
22344913
22399281
22463581
22691920
22697299
22921084
22984614
23029991
23195283
23402762
23522063
23523722
23699431
24006431
24071530
24089377
24230523
24494807
24608601
24662584
24709674
24863881
25254980
25288238
25406629
25431730
25584991
25677481
25836255
26167222
26362670
26430762
26557998
26596894
26706874
26793404
26978547
27025384
27048308
27167651
27195756
27260960
27307170
27512569
27513741
27680725
27866891
27883273
28178433
28203004
28227581
28478807
28491321
28642078
28657273
28673665
28805312
28877955
28885665
28975840
29057337
29309037
29338638
29829979
29930436
29939139
29986145
29988331
30097553
30222888
30261007
30319018
30572580
30627719
30627849
30707895
30729680
31036232
31178636
31254853
31399056
32248575
32294988
32454404
32486419
32516013
32624434
32635150
32690631
33068681
33134878
33145622
33199594
33436057
33512404
33525260
33860573
33882840
34130368
34173552
34204829
34207399
34210406
34258370
34411966
34555110
34688261
34739788
34873101
34914772
34934048
35146034
35171113
35209141
35258625
35340048
35547660
35672539
35701858
36125431
36191011
36335058
36357275
36468806
36623226
36733680
36920960
36972749
37141892
37213141
37421862
37545870
37564569
37651051
37656422
37940265
37948852
38007343
38076352
38216085
38237095
38458853
38519420
38561510
38705986
38718281
38985267
39328416
39456711
39577489
39578865
39632441
39667807
39798573
39809616
39874428
39967437
40008606
40341804
40356148
40787015
40950932
41026942
41035604
41225318
41353922
41447047
41567362
41700272
41974168
41988500
42077322
42086772
42090005
42124116
42158110
42202262
42351562
42555827
42568419
42716926
42720517
42733209
43121233
43141563
43256886
43319955
43481229
43798985
43910683
44079309
44253600
44474647
44600223
44644239
44673446
44780135
44817746
44874204
44908629
45049423
45055473
45094038
45223978
45440137
45541230
45574223
45829852
45988417
46061850
46081961
46106059
46201949
46222246
46232308
46276253
46354923
46359766
46368333
46450471
46453911
46458575
46484128
46611841
46622199
46633526
46693689
46964132
47070562
47074002
47114059
47141142
47371681
47443593
47503992
47579578
47751161
47751528
47762015
47871613
47963288
48153095
48163673
48179991
48460297
48512313
48516275
48564998
48656463
49030154
49034926
49197758
49214233
49219839
49282984
49445767
49647502
49721961
49787581
49824031
49941991
50074484
50184348
50326792
50328587
50414422
50461681
50471802
50478359
50532702
50543778
50567916
50597899
50701237
50743078
50799650
51155314
51208909
51238078
51259295
51301032
51387534
51478611
51522139
51670480
51917568
52258983
52264778
52286581
52397378
52760017
52770245
52802174
53006593
53103801
53224643
53275794
53418032
53798265
54473358
54569883
54655581
54683530
54710977
54711772
54723533
54817611
55013124
55030206
55090547
55419975
55597486
55599396
55717687
55804347
55843170
55853672
55875308
55919787
55934252
55991243
56038078
56416025
56509809
56519038
56523705
56531120
56544448
56669761
56673571
56770896
57045524
57066837
57172119
57261098
57335827
57361361
57376191
57436641
57450653
57513533
57994453
58135659
58139144
58212894
58256664
58306540
58327720
58518267
58771585
58820296
58956219
58962183
59046983
59082654
59236254
59244217
59432537
59453149
59471499
59488898
59715379
59807618
59887078
60031909
60040704
60398914
60476478
60662785
60779139
60891662
60917217
60963438
61020816
61149604
61158437
61164494
61262536
61419822
61623994
61760043
61779118
62153751
62283950
62468033
62477839
62572421
62643414
62702294
62720145
63010884
63099410
63123633
63330357
63620463
63926913
64218505
64238429
64307363
64346180
64609035
64690838
64809685
64861559
64983720
65112725
65122776
65157199
65250267
65422303
65600039
65669763
65773102
65785571
65839288
66158443
66270844
66390169
66413857
66624718
66760313
66823138
67065341
67128568
67134535
67140179
67207095
67223324
67276988
67313299
67463006
67492616
67620200
67729506
67806952
67835997
67878710
67881531
67908238
67996164
68007271
68025694
68059408
68080204
68092723
68113148
68275721
68318679
68348961
68458986
68479003
68558581
68792373
68814177
68819248
68848585
69174425
69290373
69599678
70034969
70121988
70304387
70323681
70330564
70349653
70484844
70563744
70795304
70872241
70989530
71155860
71181527
71238041
71278528
71424542
71601531
71736346
71778009
71905671
71916916
71934628
72243163
72433116
72446855
72535410
72696624
72736169
72800892
72895847
72925920
72949013
73009442
73138919
73171541
73323207
73407142
73831944
73893324
74014662
74056870
74460095
74482652
74520446
74582536
74587866
74679255
74713920
74841066
74916924
75117571
75287958
75386893
75425796
75464583
75582729
75866480
75926830
76012415
76077699
76187136
76378882
76838473
76860547
76969217
77061793
77092146
77336551
77409543
77572925
77655345
77742523
77748329
77788500
77910050
77935125
77945200
78035089
78108882
78149186
78198681
78631808
78636204
78654734
78732231
78816254
78832281
78946951
79304530
79331449
79359266
79469377
79546486
79547627
79551044
79871571
80007448
80056136
80185382
80281240
80552299
80674678
80833594
80958793
81083335
81126173
81152141
81165871
81189992
81274547
81340669
81612723
81632155
81691694
81743724
81906559
81915222
82004011
82476691
82667526
82685915
82822840
82883616
82920487
82990667
83284234
83323922
83442630
83517999
83762582
84138703
84191907
84240738
84471392
84709084
84711522
84817104
84971108
85011054
85102995
85157398
85168782
85344120
85641184
85654740
85924644
86025151
86231098
86323187
86349200
86502172
86512082
86523872
86555946
86569532
86572077
86590234
86608857
86672827
86726685
86740280
86815048
86832123
87082871
87185366
87476904
87856782
87933149
88015349
88288342
88331280
88407579
88617433
88755099
88864332
89023045
89027709
89042300
89342227
89561498
89659513
89786143
89821416
89942226
89993535
90078704
90165748
90422580
90598844
90836995
90997843
91068732
91379276
91438768
91467751
91572617
91713753
91822720
91888975
91934116
92343627
92569080
92608055
92653635
92673271
92691631
92701667
92838795
92953341
92983451
93115151
93362110
93416476
93528596
93529515
93554165
93655683
93695134
93707074
93921396
93922221
93982243
94044470
94116978
94231741
94631608
94635042
94717061
94789121
94795954
94999342
95292464
95369222
95387635
95592436
95602961
95632816
95641749
95915338
95930284
95984944
96212641
96309713
96509327
96512365
96587542
96657719
96749078
96829692
96934377
97055387
97207789
97351440
97622697
97700720
97877768
97894329
97899297
97982138
97996548
98025406
98036379
98082334
98118261
98211433
98317294
98358989
98379791
98451610
98495495
98578449
98767602
98923421
98947108
98981284
99093825
99112124
99300372
99669405
99712681
99865395
99873486
99901302
