-98680658
-97860415
-96863094
-94364333
-85158826
-84685065
-84374669
-83485501
-82072846
-80963836
-74732821
-74540279
-74437570
-72078440
-67689626
-66556302
-66194219
-65434046
-64715840
-64090481
-62814486
-60510823
-58516354
-54720400
-52757529
-52153447
-52046711
-49695350
-48782404
-47106697
-46697054
-45666385
-45023679
-44064267
-42976747
-42742728
-42475129
-42031624
-41268296
-37914715
-35622267
-35595492
-34854733
-34578040
-34418377
-33411500
-32834614
-31955975
-31692341
-31435207
-30485259
-29736716
-27229336
-27228536
-26497658
-26075933
-24184946
-23021576
-21733574
-21469327
-19057859
-18800174
-18400885
-17653020
-17243608
-16184569
-15803145
-15484905
-15302195
-15235470
-14269490
-13748192
-13503261
-13433265
-13144911
-12897604
-12020337
-11027872
-10070414
-7928855
-7899294
-6307510
-5983848
-5123231
-4176408
-3363844
-2700733
1567530
2400766
3293387
3852793
4583232
5064887
5479207
6024997
6319941
6998004
9123067
9995678
10826263
10842108
11134871
11643497
12846996
12976527
15059930
16034629
16181973
16460388
16495509
17607253
17640683
17671790
17842155
18495336
19081193
21535816
22633275
23379336
24266584
24283869
24461403
24814856
25531323
25761649
28583663
28779640
28909344
28984429
29477026
31154874
32150087
33049182
34652962
34785482
36097071
36331063
38550260
41325465
41890884
43340202
43562663
43957440
44395562
46131527
47370655
49027135
51030981
52283522
52635591
52808468
55663309
56182815
57084433
57552554
58271865
58743607
59106915
62213552
62493317
62761176
63442619
63560844
64458801
65720243
65805509
65924834
66315329
66779188
67453721
69077867
69883213
69920426
71373056
72949383
73090879
73502791
73651038
74485157
75169787
75679165
75732287
76243841
76916913
77460701
79080770
81092181
81629231
82938899
83512641
83992667
84496045
86707435
89866671
90256169
90703769
93494651
94321806
95450697
96056134
